# This file may be used to create an environment using:
# $ conda create --name <env> --file <this file>
# platform: win-64
_tflow_select=2.1.0=gpu
absl-py=1.2.0=pyhd8ed1ab_0
astor=0.8.1=pyh9f0ad1d_0
ca-certificates=2022.9.24=h5b45459_0
cached-property=1.5.2=hd8ed1ab_1
cached_property=1.5.2=pyha770c72_1
certifi=2021.5.30=py36ha15d459_0
cffi=1.14.6=py36he58ceb7_1
colorama=0.4.5=pyhd8ed1ab_0
cpuonly=1.0=0
cudatoolkit=9.0=1
cudnn=7.6.5=cuda9.0_0
cycler=0.11.0=pypi_0
dataclasses=0.8=pyh787bdff_2
decorator=4.4.2=py_0
gast=0.5.3=pyhd8ed1ab_0
gensim=3.8.3=py36h003fed8_2
grpcio=1.12.1=py36h1a1b453_0
h5py=3.1.0=nompi_py36hf359dfe_100
hdf5=1.10.6=nompi_he0bbb20_101
importlib-metadata=4.8.1=py36ha15d459_0
intel-openmp=2022.1.0=h57928b3_3787
keras-applications=1.0.8=py_1
keras-preprocessing=1.1.2=pyhd8ed1ab_0
kiwisolver=1.3.1=pypi_0
libblas=3.9.0=16_win64_mkl
libcblas=3.9.0=16_win64_mkl
liblapack=3.9.0=16_win64_mkl
libprotobuf=3.18.0=h7755175_1
libzlib=1.2.12=hcfcfb64_4
m2w64-gcc-libgfortran=5.3.0=6
m2w64-gcc-libs=5.3.0=7
m2w64-gcc-libs-core=5.3.0=7
m2w64-gmp=6.1.0=2
m2w64-libwinpthread-git=5.0.0.4634.697f757=2
markdown=3.4.1=pyhd8ed1ab_0
matplotlib=3.3.2=pypi_0
mkl=2022.1.0=h6a75c08_874
msys2-conda-epoch=20160418=1
networkx=2.5.1=pyhd8ed1ab_0
ninja=1.11.0=h2d74725_0
numpy=1.19.0=py36h4d86e3b_0
openssl=3.0.5=hcfcfb64_2
pillow=8.4.0=pypi_0
pip=21.3.1=pyhd8ed1ab_0
protobuf=3.18.0=py36he2d232f_0
pycparser=2.21=pyhd8ed1ab_0
pyparsing=3.0.7=pypi_0
pyreadline=2.1=py36ha15d459_1004
python=3.6.0=2
python-dateutil=2.8.2=pypi_0
python_abi=3.6=2_cp36m
pytorch=1.3.1=py3.6_cpu_0
scikit-learn=0.20.3=py36h3d241f0_1
scipy=1.5.3=py36h27d303f_1
setuptools=58.0.4=py36ha15d459_2
six=1.16.0=pyh6c4a22f_0
smart_open=6.2.0=pyha770c72_0
tbb=2021.6.0=h91493d7_0
tensorboard=1.12.0=py36_1000
tensorflow=1.12.0=gpu_py36ha5f9131_0
tensorflow-base=1.12.0=gpu_py36h6e53903_0
tensorflow-gpu=1.12.0=h0d30ee6_0
termcolor=1.1.0=pyhd8ed1ab_3
tqdm=4.64.1=pyhd8ed1ab_0
typing_extensions=4.1.1=pyha770c72_0
ucrt=10.0.20348.0=h57928b3_0
vc=14.2=hac3ee0b_8
vs2015_runtime=14.29.30139=h890b9b1_8
werkzeug=2.0.2=pyhd8ed1ab_0
wheel=0.37.1=pyhd8ed1ab_0
zipp=3.6.0=pyhd8ed1ab_0
zlib=1.2.12=hcfcfb64_4
